  -2.4963990557   -2.8593886800    1.1724570887
  -2.0501046523   -3.4484762961    0.1224570887
  -1.0523073609   -3.5696308220    0.1224570887
  -0.1124984213   -3.2132083048    0.1224570887
   4.9010359606   -0.5691761860    1.4858760889
   5.1376946131   -1.2747031863    1.3912324364
   4.6126946131   -2.1840298603    1.3912324364
   5.6176431670   -2.2579414190    0.6225790885
   3.0376946131   -1.2747031863   -2.2460742595
   3.5626946131   -2.1840298603   -2.2460742595
   6.1520006136   -0.6633691860    0.7667114361
   5.6270006136    0.2459574879    0.7667114361
   6.9206539615   -0.6633691860   -0.0019419118
   6.6319491675    0.3198690467   -0.0019419118
   6.6319491675   -1.6466074187   -0.0019419118
   6.9614582674    0.3125494753   -1.0519419118
   6.6319491675    0.3198690467   -2.1019419118
   3.9110359473    0.7110773076   -2.1019419118
   3.3570155048   -0.1509953283   -2.1019419118
   5.6270006136    0.2459574879   -2.8705952598
   4.5770006136    0.2459574879   -2.8705952598
   4.0520006136   -0.6633691860   -2.8705952598
   4.5770006136   -1.5726958600   -2.8705952598
   5.1020006136   -0.6633691860   -3.1519419118
  -0.1404508357    1.6903110473    2.3323720893
  -3.7093772062    0.2045099196    1.2823720893
  -3.4153844984    0.1946989569    0.2323720893
  -1.9749873898    0.2850238144    4.3483940898
  -0.9949873898    0.2850238144    4.0858038812
  -1.4849873898    1.1337287101    4.0858038812
  -2.4649873898    1.1337287101    4.0858038812
  -2.9549873898    0.2850238144    4.0858038812
  -2.4649873898   -0.5636810813    4.0858038812
  -1.4849873898   -0.5636810813    4.0858038812
  -0.2775775984    0.2850238144    3.3683940898
  -0.6017540221    1.2827362569    3.3683940898
  -1.4504589178    1.8993564574    3.3683940898
  -2.4995158617    1.8993564574    3.3683940898
  -3.3482207575    1.2827362569    3.3683940898
  -3.6723971812    0.2850238144    3.3683940898
  -3.3482207575   -0.7126886281    3.3683940898
  -2.4995158617   -1.3293088285    3.3683940898
  -1.4504589178   -1.3293088285    3.3683940898
  -0.6017540221   -0.7126886281    3.3683940898
  -3.9349873898    0.2850238144    2.3883940898
  -3.6723971812   -0.6949761856    2.3883940898
  -2.9549873898   -1.4123859770    2.3883940898
  -1.9749873898   -1.6749761856    2.3883940898
  -3.3482207575   -0.7126886281    1.4083940898
  -0.6302250221    2.9706852577    1.9197380891
  -1.4789299178    3.5873054582    1.9197380891
  -0.3060485984    2.9529728152    0.9397380891
  -1.0234583898    3.6703826066    0.9397380891
  -2.0034583898    3.9329728152    0.9397380891
  -0.6302250221    2.9706852577   -0.0402619109
  -1.4789299178    3.5873054582   -0.0402619109
  -2.5279868618    3.5873054582   -0.0402619109
  -3.3766917575    2.9706852577   -0.0402619109
  -3.7008681812    1.9729728152   -0.0402619109
  -3.3766917575    0.9752603727   -0.0402619109
  -1.5134583898    2.8216777109   -0.7576717023
  -2.4934583898    2.8216777109   -0.7576717023
  -1.6118446520    2.6476929242   -1.0685299118
  -0.1116784851   -0.9701464592   -2.1185299118
   0.1828256107    0.6841588146   -2.8871832598
  -0.3421743893   -0.2251678594   -2.8871832598
  -3.1536590560    2.0486083082   -0.8445699122
  -2.7073646526    2.6376959242   -1.8945699122
  -3.5345669609    2.0667193969   -1.8945699122
  -1.2071984856   -0.9801434592   -2.9445699122
  -0.4327458358   -0.3090764181   -2.9445699122
  -3.0126943898    0.6741618146   -3.7132232602
  -2.4876943898   -0.2351648594   -3.7132232602
  -1.4376943898   -0.2351648594   -3.7132232602
  -3.4582843902    0.8434777100   -0.0663311207
  -3.9482843902   -0.0052271857   -0.0663311207
  -3.4928128622    1.6091054572   -0.7837409122
  -4.3415177579    0.9924852568   -0.7837409122
  -4.6656941817   -0.0052271857   -0.7837409122
  -4.3415177579   -1.0029396282   -0.7837409122
  -3.9482843902    1.6921826057   -1.7637409122
  -4.6656941817    0.9747728143   -1.7637409122
  -4.9282843902   -0.0052271857   -1.7637409122
  -4.6656941817   -0.9852271857   -1.7637409122
  -3.9482843902   -1.7026369771   -1.7637409122
  -2.9682843902   -1.9652271857   -1.7637409122
  -4.3415177579    0.9924852568   -2.7437409122
  -4.6656941817   -0.0052271857   -2.7437409122
  -4.3415177579   -1.0029396282   -2.7437409122
  -3.4928128622   -1.6195598287   -2.7437409122
  -2.4437559183   -1.6195598287   -2.7437409122
  -3.4582843902    0.8434777100   -3.4611507036
  -3.9482843902   -0.0052271857   -3.4611507036
  -3.4582843902   -0.8539320814   -3.4611507036
  -2.4782843902   -0.8539320814   -3.4611507036
  -2.9682843902   -0.0052271857   -3.7237409122
  -1.0272863893   -2.0578291867    2.6949290892
  -0.0398071655   -2.0578291867    2.3740776397
  -1.8261738630   -2.6382549114    2.3740776397
  -0.7221385276   -2.9969777372    2.3740776397
  -2.5287037171   -2.6043004032    1.5340776397
  -1.8261738630   -3.4415428807    1.5340776397
  -0.7498356814   -3.6313303424    1.5340776397
   0.1966802305   -3.0848591259    1.5340776397
  -0.7498356814   -3.6313303424    0.4957805386
   0.1966802305   -3.0848591259    0.4957805386
  -3.1954738637   -0.9647424617    1.4097326393
  -3.1954738637   -2.1255939112    1.4097326393
  -3.8980037177   -0.9986969700    0.5697326393
  -3.8980037177   -2.0916394030    0.5697326393
  -3.1954738637   -2.9288818804    0.5697326393
  -3.8980037177   -2.0916394030   -0.4685644618
  -3.1954738637   -2.9288818804   -0.4685644618
  -3.1954738637   -2.1255939112   -1.3085644618
  -0.6079016813   -3.5661593424   -0.2331703611
  -1.6842398630   -3.3763718806   -1.2714674622
  -0.6079016813   -3.5661593424   -1.2714674622
   0.3386142305   -3.0196881259   -1.2714674622
   0.1021268346   -1.9926581867   -2.1114674622
  -1.6842398630   -2.5730839114   -2.1114674622
  -0.5802045275   -2.9318067372   -2.1114674622
  -0.8853523893   -1.9926581867   -2.4323189117
   1.9398358355    1.0634038148    2.2244206396
   1.2575044734    2.0025523653    2.2244206396
   0.1534691379    1.6438295395    2.2244206396
   2.1763232314    2.0904337540    1.3844206396
   1.2298073195    2.6369049705    1.3844206396
   0.1534691379    2.4471175087    1.3844206396
   2.1763232314    2.0904337540    0.3461235385
   1.2298073195    2.6369049705    0.3461235385
   0.1534691379    2.4471175087    0.3461235385
   1.2575044734    2.0025523653   -0.4938764615
   0.6827046115   -0.4183551859    3.4420720895
   1.6701838353   -0.4183551859    3.1212206401
   0.9878524732    0.5207933646    3.1212206401
  -0.1161828622    0.1620705388    3.1212206401
  -0.1161828622   -0.9987809106    3.1212206401
   0.9878524732   -1.3575037365    3.1212206401
   0.9601553194   -1.9918563417    2.2812206401
   2.8650612317    0.7302087534   -1.6682634624
   1.9185453199    1.2766799699   -1.6682634624
   2.6285738358   -0.2968211859   -2.5082634624
   1.9462424737    0.6423273647   -2.5082634624
   0.8422071382    0.2836045389   -2.5082634624
   0.8422071382   -0.8772469106   -2.5082634624
   1.9462424737   -1.2359697364   -2.5082634624
   1.6410946119   -0.2968211859   -2.8291149119
   1.7171364736   -2.7112197371    1.1505246391
   0.6131011381   -3.1557848805    0.3105246391
   1.6894393198   -3.3455723423    0.3105246391
   0.6131011381   -3.1557848805   -0.7277724620
   1.6894393198   -3.3455723423   -0.7277724620
   0.6131011381   -2.3524969113   -1.5677724620
   1.7171364736   -2.7112197371   -1.5677724620
   3.1229476126   -1.0029561862    3.1221520894
   4.1104268365   -1.0029561862    2.8013006399
   3.4280954744   -0.0638076356    2.8013006399
   2.3240601389   -0.4225304615    2.8013006399
   2.3240601389   -1.5833819109    2.8013006399
   3.4280954744   -1.9421047367    2.8013006399
   4.7207225600   -1.0029561862    1.9613006399
   2.3240601389   -2.3866698802    1.9613006399
   3.4003983206   -2.5764573419    1.9613006399
   4.3469142324   -2.0299861254    1.9613006399
   4.3247228366    0.4929838145    1.8951196395
   3.6423914745    1.4321323651    1.8951196395
   2.5383561390    1.0734095392    1.8951196395
   4.9350185601    0.4929838145    1.0551196395
   4.5612102325    1.5200137537    1.0551196395
   3.6146943207    2.0664849703    1.0551196395
   2.5383561390    1.8766975085    1.0551196395
   3.6146943207    2.0664849703    0.0168225384
   2.5383561390    1.8766975085    0.0168225384
   3.6423914745    1.4321323651   -0.8231774616
   3.1782761393   -2.9328719116    0.8258706390
   4.2823114748   -3.2915947374    0.8258706390
   3.1782761393   -3.7361598808   -0.0141293610
   4.2546143210   -3.9259473426   -0.0141293610
   5.2011302328   -3.3794761261   -0.0141293610
   2.4757462853   -2.8989174033   -1.0524264621
   3.1782761393   -3.7361598808   -1.0524264621
   4.2546143210   -3.9259473426   -1.0524264621
   5.2011302328   -3.3794761261   -1.0524264621
   3.1782761393   -2.9328719116   -1.8924264621
   4.2823114748   -3.2915947374   -1.8924264621
   6.2483998375    0.4075418145    0.3853586388
   5.5660684754    1.3466903650    0.3853586388
   6.8586955610    0.4075418145   -0.4546413612
   6.4848872334    1.4345717537   -0.4546413612
   5.5383713216    1.9810429702   -0.4546413612
   4.4620331400    1.7912555084   -0.4546413612
   6.8586955610    0.4075418145   -1.4929384623
   6.4848872334    1.4345717537   -1.4929384623
   5.5383713216    1.9810429702   -1.4929384623
   4.4620331400    1.7912555084   -1.4929384623
   3.7595032859    0.9540130310   -1.4929384623
   5.5660684754    1.3466903650   -2.3329384623
   4.4620331400    0.9879675392   -2.3329384623
   7.3993845613   -1.2300971863   -1.1399543616
   6.0790603218   -2.8035983421   -1.1399543616
   7.0255762337   -2.2571271255   -1.1399543616
   7.3993845613   -1.2300971863   -2.1782514627
   7.0255762337   -0.2030672471   -2.1782514627
   5.0027221402   -2.6138108803   -2.1782514627
   6.0790603218   -2.8035983421   -2.1782514627
   7.0255762337   -2.2571271255   -2.1782514627
   6.7890888377   -1.2300971863   -3.0182514627
   6.1067574757   -0.2909486358   -3.0182514627
   5.0027221402   -1.8105229110   -3.0182514627
   6.1067574757   -2.1692457369   -3.0182514627
   5.8016096139   -1.2300971863   -3.3391029121
  -2.5500683901    2.2777788154    3.3744250895
  -1.5625891662    2.2777788154    3.0535736400
  -2.2449205283    3.2169273659    3.0535736400
  -3.3489558637    2.8582045401    3.0535736400
  -3.3489558637    1.6973530906    3.0535736400
  -1.3261017703    3.3048087546    2.2135736400
  -2.2726176821    3.8512799711    2.2135736400
  -3.3489558637    3.6614925093    2.2135736400
  -4.0514857178    2.8242500319    2.2135736400
  -4.0514857178    1.7313075988    2.2135736400
  -3.3489558637    3.6614925093    1.1752765389
  -4.0514857178    2.8242500319    1.1752765389
  -4.0514857178    1.7313075988    1.1752765389
   0.0098604728    2.4553923655    0.2187256387
   0.9286792308    2.5432737542   -0.6212743613
  -0.0178366811    3.0897449707   -0.6212743613
  -1.0941748627    2.8999575089   -0.6212743613
   1.3024875584    1.5162438150   -1.6595714624
   0.9286792308    2.5432737542   -1.6595714624
  -0.0178366811    3.0897449707   -1.6595714624
  -1.0941748627    2.8999575089   -1.6595714624
   0.6921918349    1.5162438150   -2.4995714624
   0.0098604728    2.4553923655   -2.4995714624
  -1.5652866818    2.9577689707   -2.2112233621
  -2.6416248634    2.7679815089   -2.2112233621
  -0.2449624423    1.3842678149   -3.2495204632
  -0.6187707699    2.4112977542   -3.2495204632
  -1.5652866818    2.9577689707   -3.2495204632
  -2.6416248634    2.7679815089   -3.2495204632
  -3.3441547174    1.9307390314   -3.2495204632
  -0.8552581659    1.3842678149   -4.0895204632
  -1.5375895280    2.3234163655   -4.0895204632
  -2.6416248634    1.9646935397   -4.0895204632
  -2.6416248634    0.8038420902   -4.0895204632
  -1.5375895280    0.4451192644   -4.0895204632
  -1.8427373897    1.3842678149   -4.4103719126
  -1.8260948764   -3.7661048279   -0.4115931528
  -2.5342121617   -2.9030273306   -1.3739184357
   2.1880570989    1.5725434554   -0.6671011529
   4.9587781705   -0.5691761860    1.9322516133
   4.6609070047    0.4452798423    1.9322516133
   2.5617221257   -2.8503388275    0.9699263304
   5.1290155870   -1.2747031863    1.7349043714
   4.8671774982   -2.9815326218    1.0689546129
   5.6662190052   -2.2891592146    1.0689546129
   3.0463736392   -1.2747031863   -2.5897461945
   3.5670341261   -2.1765136032   -2.5897461945
   6.1433215874   -0.6633691860    1.1103833712
   5.6226611005    0.2384412308    1.1103833712
   6.9783961715   -0.6633691860    0.4444336126
   6.6805250057    0.3510868423    0.4444336126
   6.6805250057   -1.6778252143    0.4444336126
   7.4418276028   -0.6633691860   -0.5178916703
   7.2101118871    0.3518436969   -0.5178916703
   7.2101118871    0.3518436969   -1.5859921533
   6.6805250057    0.3510868423   -2.5483174363
   3.8732228413    0.7547159582   -2.5483174363
   3.3016122600   -0.1347274679   -2.5483174363
   5.6226611005    0.2384412308   -3.2142671948
   4.5813401266    0.2384412308   -3.2142671948
   4.0606796397   -0.6633691860   -3.2142671948
   4.5813401266   -1.5651796029   -3.2142671948
   5.1020006136   -0.6633691860   -3.4519419118
  -0.0918749975    1.7215288429    2.7787476137
  -4.0102263789    0.7070728146    0.7483218478
  -3.7785106632   -0.3081400684    0.7483218478
  -1.9749873898    0.2850238144    4.6283940898
  -1.0030878142    0.2850238144    4.4065643539
  -1.4890376020    1.1267135368    4.4065643539
  -2.4609371776    1.1267135368    4.4065643539
  -2.9468869654    0.2850238144    4.4065643539
  -2.4609371776   -0.5566659080    4.4065643539
  -1.4890376020   -0.5566659080    4.4065643539
  -0.2236848691    0.2850238144    3.7850112460
  -0.5581538882    1.3144136084    3.7850112460
  -1.4338051486    1.9506114888    3.7850112460
  -2.5161696310    1.9506114888    3.7850112460
  -3.3918208913    1.3144136084    3.7850112460
  -3.7262899105    0.2850238144    3.7850112460
  -3.3918208913   -0.7443659796    3.7850112460
  -2.5161696310   -1.3805638599    3.7850112460
  -1.4338051486   -1.3805638599    3.7850112460
  -0.5581538882   -0.7443659796    3.7850112460
  -4.0953675345    0.8076505813    2.8868409819
  -4.0953675345   -0.2376029525    2.8868409819
  -3.6096139967   -1.1631289923    2.8868409819
  -2.7493872026   -1.7569006763    2.8868409819
  -1.7117547440   -1.8828920673    2.8868409819
  -0.7344257121   -1.5122400560    2.8868409819
  -4.0953675345    0.8076505813    1.8899471977
  -4.0953675345   -0.2376029525    1.8899471977
  -3.6096139967   -1.1631289923    1.8899471977
  -0.5866248882    3.0023626092    2.3363552453
  -0.0697654103    2.9878531810    1.4381849812
  -0.7628967122    3.7702366856    1.4381849812
  -1.7402257440    4.1408886969    1.4381849812
  -0.0697654103    2.9878531810    0.4412911971
  -0.7628967122    3.7702366856    0.4412911971
  -1.7402257440    4.1408886969    0.4412911971
  -2.7778582027    4.0148973059    0.4412911971
  -3.6380849967    3.4211256219    0.4412911971
  -4.1238385346    2.4955995821    0.4412911971
  -4.1238385346    1.4503460483    0.4412911971
  -1.4622761486    3.6385604895   -0.4568790670
  -2.5446406310    3.6385604895   -0.4568790670
  -3.4202918914    3.0023626092   -0.4568790670
  -3.7547609105    1.9729728152   -0.4568790670
  -0.0876915042   -1.0226706208   -2.5649054363
   0.1741465846    0.6841588146   -3.2308551948
  -2.4833548767    2.9553244561   -1.3605196707
  -3.4215526557    2.5035122183   -1.3605196707
  -3.4215526557    2.5035122183   -2.4286201537
  -0.0862988319    0.6741618146   -3.3909454367
  -1.1832115047   -1.0326676208   -3.3909454367
  -0.3841699977   -0.3402942137   -3.3909454367
  -2.4833548767   -0.2276486023   -4.0568951952
  -1.4420339028   -0.2276486023   -4.0568951952
  -3.9401839659   -0.0052271857    0.2544293519
  -4.3851178918    1.0241626083   -0.3671237560
  -4.7195869110   -0.0052271857   -0.3671237560
  -4.3851178918   -1.0346169797   -0.3671237560
  -4.6029109972    1.4429256210   -1.2652940201
  -5.0886645350    0.5173995812   -1.2652940201
  -5.0886645350   -0.5278539526   -1.2652940201
  -4.6029109972   -1.4533799925   -1.2652940201
  -3.7426842031   -2.0471516764   -1.2652940201
  -4.6029109972    1.4429256210   -2.2621878042
  -5.0886645350    0.5173995812   -2.2621878042
  -5.0886645350   -0.5278539526   -2.2621878042
  -4.6029109972   -1.4533799925   -2.2621878042
  -3.7426842031   -2.0471516764   -2.2621878042
  -2.7050517444   -2.1731430674   -2.2621878042
  -4.3851178918    1.0241626083   -3.1603580683
  -4.7195869110   -0.0052271857   -3.1603580683
  -4.3851178918   -1.0346169797   -3.1603580683
  -3.5094666314   -1.6708148601   -3.1603580683
  -2.4271021491   -1.6708148601   -3.1603580683
  -3.4542341781    0.8364625367   -3.7819111763
  -3.9401839659   -0.0052271857   -3.7819111763
  -3.4542341781   -0.8469169081   -3.7819111763
  -2.4823346024   -0.8469169081   -3.7819111763
  -2.9682843902   -0.0052271857   -4.0037409122
  -1.0272863893   -2.0578291867    2.9349290892
  -0.0672863893   -2.0578291867    2.6776978644
  -1.9872863893   -2.0578291867    2.6776978644
  -1.5072863893   -2.8892135743    2.6776978644
  -0.5472863893   -2.8892135743    2.6776978644
  -2.3724945862   -3.0351801508    1.9749290892
  -1.5411101986   -3.6392162655    1.9749290892
  -0.5134625801   -3.6392162655    1.9749290892
   0.3179218076   -3.0351801508    1.9749290892
  -1.9872863893   -3.7205979620    1.0149290892
  -1.0272863893   -3.9778291867    1.0149290892
  -0.0672863893   -3.7205979620    1.0149290892
  -3.3565863900   -1.5451681865    1.7133528640
  -2.8765863900   -2.3765525741    1.7133528640
  -3.7417945869   -0.5678172224    1.0105840887
  -4.0593551652   -1.5451681865    1.0105840887
  -3.7417945869   -2.5225191505    1.0105840887
  -2.9104101993   -3.1265552653    1.0105840887
  -4.3165863900   -1.5451681865    0.0505840887
  -4.0593551652   -2.5051681865    0.0505840887
  -3.3565863900   -3.2079369617    0.0505840887
  -3.7417945869   -2.5225191505   -0.9094159113
  -2.9104101993   -3.1265552653   -0.9094159113
  -2.8765863900   -2.3765525741   -1.6121846866
  -1.8453523893   -3.6554269619   -0.7523189117
  -0.8853523893   -3.9126581867   -0.7523189117
   0.0746476107   -3.6554269619   -0.7523189117
  -2.2305605862   -2.9700091507   -1.7123189117
  -1.3991761985   -3.5740452655   -1.7123189117
  -0.3715285800   -3.5740452655   -1.7123189117
   0.4598558076   -2.9700091507   -1.7123189117
   0.0746476107   -1.9926581867   -2.4150876869
  -1.8453523893   -1.9926581867   -2.4150876869
  -1.3653523893   -2.8240425743   -2.4150876869
  -0.4053523893   -2.8240425743   -2.4150876869
  -0.8853523893   -1.9926581867   -2.6723189117
   1.9123566116    1.0634038148    2.5280408644
   1.4323566116    1.8947882024    2.5280408644
   0.4723566116    1.8947882024    2.5280408644
   2.2975648085    2.0407547789    1.8252720891
   1.4661804209    2.6447908936    1.8252720891
   0.4385328023    2.6447908936    1.8252720891
   1.9123566116    2.7261725900    0.8652720891
   0.9523566116    2.9834038148    0.8652720891
   2.2975648085    2.0407547789   -0.0947279109
   1.4661804209    2.6447908936   -0.0947279109
   0.6827046115   -0.4183551859    3.6820720895
   1.6427046115   -0.4183551859    3.4248408648
   1.1627046115    0.4130292017    3.4248408648
   0.2027046115    0.4130292017    3.4248408648
   0.2027046115   -1.2497395736    3.4248408648
   1.1627046115   -1.2497395736    3.4248408648
   2.0279128084    0.5589957782    2.7220720895
   0.1688808022   -1.9997422647    2.7220720895
   1.1965284207   -1.9997422647    2.7220720895
   2.6010946119    1.3659475894   -1.1491149119
   1.6410946119    1.6231788141   -1.1491149119
   2.9863028088    0.6805297782   -2.1091149119
   2.1549184212    1.2845658929   -2.1091149119
   0.2958864150   -1.2741721499   -2.1091149119
   2.6010946119   -0.2968211859   -2.8118836871
   2.1210946119    0.5345632018   -2.8118836871
   1.1610946119    0.5345632018   -2.8118836871
   0.6810946119   -0.2968211859   -2.8118836871
   1.1610946119   -1.1282055735   -2.8118836871
   2.1210946119   -1.1282055735   -2.8118836871
   1.6410946119   -0.2968211859   -3.0691149119
   0.9319886118   -2.6034555742    1.4541448638
   1.8919886118   -2.6034555742    1.4541448638
   0.8981648025   -3.3534582654    0.7513760886
   1.9258124211   -3.3534582654    0.7513760886
   0.4519886118   -3.4348399618   -0.2086239114
   1.4119886118   -3.6920711866   -0.2086239114
   2.3719886118   -3.4348399618   -0.2086239114
   0.8981648025   -3.3534582654   -1.1686239114
   1.9258124211   -3.3534582654   -1.1686239114
   0.9319886118   -2.6034555742   -1.8713926867
   1.8919886118   -2.6034555742   -1.8713926867
   3.1229476126   -1.0029561862    3.3621520894
   4.0829476126   -1.0029561862    3.1049208646
   3.6029476126   -0.1715717986    3.1049208646
   2.6429476126   -0.1715717986    3.1049208646
   2.1629476126   -1.0029561862    3.1049208646
   2.6429476126   -1.8343405738    3.1049208646
   3.6029476126   -1.8343405738    3.1049208646
   4.7857163879   -1.0029561862    2.4021520894
   4.4681558095   -0.0256052221    2.4021520894
   1.7777394157   -1.9803071503    2.4021520894
   2.6091238034   -2.5843432650    2.4021520894
   3.6367714219   -2.5843432650    2.4021520894
   4.4681558095   -1.9803071503    2.4021520894
   2.1629476126   -2.6657249615    1.4421520894
   3.1229476126   -2.9229561862    1.4421520894
   3.8172436127    1.3243682021    2.1987398642
   2.8572436127    1.3243682021    2.1987398642
   5.0000123880    0.4929838145    1.4959710889
   4.6824518096    1.4703347786    1.4959710889
   3.8510674220    2.0743708933    1.4959710889
   2.8234198035    2.0743708933    1.4959710889
   4.2972436127    2.1557525898    0.5359710889
   3.3372436127    2.4129838145    0.5359710889
   3.8510674220    2.0743708933   -0.4240289111
   2.8234198035    2.0743708933   -0.4240289111
   2.8572436127    1.3243682021   -1.1267976863
   3.4971636130   -3.1838305745    1.1294908637
   4.4571636130   -3.1838305745    1.1294908637
   2.6319554161   -3.3297971509    0.4267220884
   3.4633398038   -3.9338332656    0.4267220884
   4.4909874223   -3.9338332656    0.4267220884
   5.3223718099   -3.3297971509    0.4267220884
   3.0171636130   -4.0152149621   -0.5332779116
   3.9771636130   -4.2724461868   -0.5332779116
   4.9371636130   -4.0152149621   -0.5332779116
   5.6399323883   -3.3124461868   -0.5332779116
   2.6319554161   -3.3297971509   -1.4932779116
   3.4633398038   -3.9338332656   -1.4932779116
   4.4909874223   -3.9338332656   -1.4932779116
   5.3223718099   -3.3297971509   -1.4932779116
   3.4971636130   -3.1838305745   -2.1960466868
   4.4571636130   -3.1838305745   -2.1960466868
   5.7409206136    1.2389262021    0.6889788635
   6.6061288105    1.3848927785   -0.0137899118
   5.7747444229    1.9889288933   -0.0137899118
   4.7470968044    1.9889288933   -0.0137899118
   6.9236893889    1.3675418145   -0.9737899118
   6.2209206136    2.0703105897   -0.9737899118
   5.2609206136    2.3275418145   -0.9737899118
   4.3009206136    2.0703105897   -0.9737899118
   6.6061288105    1.3848927785   -1.9337899118
   5.7747444229    1.9889288933   -1.9337899118
   4.7470968044    1.9889288933   -1.9337899118
   3.9157124167    1.3848927785   -1.9337899118
   5.7409206136    1.2389262021   -2.6365586870
   4.7809206136    1.2389262021   -2.6365586870
   7.4643783892   -1.2300971863   -0.6991029121
   6.3154334232   -2.8114842651   -0.6991029121
   7.1468178108   -2.2074481504   -0.6991029121
   7.7216096139   -1.2300971863   -1.6591029121
   7.4643783892   -0.2700971863   -1.6591029121
   5.8016096139   -3.1500971863   -1.6591029121
   6.7616096139   -2.8928659616   -1.6591029121
   7.4643783892   -2.1900971863   -1.6591029121
   7.4643783892   -1.2300971863   -2.6191029121
   7.1468178108   -0.2527462222   -2.6191029121
   5.2877858046   -2.8114842651   -2.6191029121
   6.3154334232   -2.8114842651   -2.6191029121
   7.1468178108   -2.2074481504   -2.6191029121
   6.7616096139   -1.2300971863   -3.3218716874
   6.2816096139   -0.3987127987   -3.3218716874
   5.3216096139   -2.0614815739   -3.3218716874
   6.2816096139   -2.0614815739   -3.3218716874
   5.8016096139   -1.2300971863   -3.5791029121
  -2.5500683901    2.2777788154    3.6144250895
  -1.5900683901    2.2777788154    3.3571938647
  -2.0700683901    3.1091632030    3.3571938647
  -3.0300683901    3.1091632030    3.3571938647
  -3.5100683901    2.2777788154    3.3571938647
  -1.2048601931    3.2551297794    2.6544250895
  -2.0362445808    3.8591658942    2.6544250895
  -3.0638921993    3.8591658942    2.6544250895
  -3.8952765870    3.2551297794    2.6544250895
  -4.2128371653    2.2777788154    2.6544250895
  -2.5500683901    4.1977788154    1.6944250895
  -3.5100683901    3.9405475906    1.6944250895
  -4.2128371653    3.2377788154    1.6944250895
  -4.4700683901    2.2777788154    1.6944250895
  -4.2128371653    1.3177788154    1.6944250895
  -3.8952765870    3.2551297794    0.7344250895
   0.2185364203    3.0976308938   -0.1804229119
   1.3674813863    2.4762438150   -1.1404229119
   0.6647126110    3.1790125903   -1.1404229119
  -0.2952873890    3.4362438150   -1.1404229119
  -1.2552873890    3.1790125903   -1.1404229119
   1.3674813863    1.5162438150   -2.1004229119
   1.0499208079    2.4935947791   -2.1004229119
   0.2185364203    3.0976308938   -2.1004229119
  -0.8091111983    3.0976308938   -2.1004229119
   0.6647126110    1.5162438150   -2.8031916871
   0.1847126110    2.3476282026   -2.8031916871
  -0.8827373897    3.0470365902   -2.7303719126
  -1.8427373897    3.3042678149   -2.7303719126
  -2.8027373897    3.0470365902   -2.7303719126
  -3.5055061650    2.3442678149   -2.7303719126
  -0.1799686145    1.3842678149   -3.6903719126
  -0.4975291928    2.3616187790   -3.6903719126
  -1.3289135804    2.9656548937   -3.6903719126
  -2.3565611990    2.9656548937   -3.6903719126
  -3.1879455866    2.3616187790   -3.6903719126
  -3.5055061650    1.3842678149   -3.6903719126
  -0.8827373897    1.3842678149   -4.3931406879
  -1.3627373897    2.2156522026   -4.3931406879
  -2.3227373897    2.2156522026   -4.3931406879
  -2.8027373897    1.3842678149   -4.3931406879
  -2.3227373897    0.5528834273   -4.3931406879
  -1.3627373897    0.5528834273   -4.3931406879
  -1.8427373897    1.3842678149   -4.6503719126
  -3.1372871575   -2.0228226903    2.0316453979
  -2.8607139495   -3.4352010686    1.1557023561
  -2.3386796568   -3.9794169242    0.1224570887
  -1.3054343895   -4.1849421864    0.1224570887
  -0.2721891221   -3.9794169242    0.1224570887
  -2.8607139495   -3.4352010686   -0.9107881786
  -1.8605072378   -3.9168752345   -0.9107881786
  -2.5556868469   -2.9278104385   -1.7867312205
   2.2495810214    1.0467049424    2.6621883982
   4.6884940226    0.4630089422    2.3450643981
   5.3298266931    0.5131358404    1.4691213563
   5.9968829223   -1.2747031863    1.4817673977
   3.8159887876   -3.1644587114    1.4817673977
   4.8808000994   -3.0113619575    1.4817673977
   5.6938060230   -2.3068883145    1.4817673977
   5.6429741731   -3.2249620685    0.6058243559
   5.9968829223   -3.1838914955   -0.4274209115
   2.8374421557   -2.7175714384   -2.3366092207
   3.0544493457   -1.2747031863   -2.9218956493
   3.5710719794   -2.1695198362   -2.9218956493
   6.1352458809   -0.6633691860    1.4425328260
   5.6186232473    0.2314474639    1.4425328260
   7.0111889228   -0.6633691860    0.8572463974
   6.7081120235    0.3688159421    0.8572463974
   6.7081120235   -1.6955543142    0.8572463974
   7.5964753513   -0.6633691860   -0.0186966444
   7.3494446941    0.4189428403   -0.0186966444
   6.6572801736   -2.6136280683   -0.0186966444
   7.3494446941   -1.7456812124   -0.0186966444
   7.8020006136   -0.6633691860   -1.0519419118
   7.5964753513    0.3698760813   -1.0519419118
   7.3494446941    0.4189428403   -2.0851871792
   3.5467210536    1.2868896962   -2.0851871792
   6.7081120235    0.3688159421   -2.9611302210
   5.8951060999    1.0732895852   -2.9611302210
   4.8302947881    1.2263863390   -2.9611302210
   3.8517481562    0.7794990660   -2.9611302210
   3.2701478456   -0.1254886822   -2.9611302210
   5.6186232473    0.2314474639   -3.5464166496
   4.5853779799    0.2314474639   -3.5464166496
   4.0687553462   -0.6633691860   -3.5464166496
   4.5853779799   -1.5581858359   -3.5464166496
   5.1020006136   -0.6633691860   -3.7519419118
  -0.0642879797    1.7392579428    3.1915603985
  -0.8772939033    2.4437315858    3.1915603985
  -4.3703993896    0.7070728146    1.2823720893
  -4.1648741274   -0.3261724528    1.2823720893
  -1.9749873898    0.2850238144    4.9083940898
  -0.8816003672    0.2850238144    4.6588356369
  -1.4282938785    1.2319247521    4.6588356369
  -2.5216809011    1.2319247521    4.6588356369
  -3.0683744124    0.2850238144    4.6588356369
  -2.5216809011   -0.6618771233    4.6588356369
  -1.4282938785   -0.6618771233    4.6588356369
  -0.0047720540    0.2850238144    3.9595883905
  -0.3175367781    1.3502026441    3.9595883905
  -1.1565303604    2.0771947216    3.9595883905
  -2.2553782667    2.2351851989    3.9595883905
  -3.2652040506    1.7740132158    3.9595883905
  -3.8653951610    0.8400976185    3.9595883905
  -3.8653951610   -0.2700499897    3.9595883905
  -3.2652040506   -1.2039655870    3.9595883905
  -2.2553782667   -1.6651375701    3.9595883905
  -1.1565303604   -1.5071470928    3.9595883905
  -0.3175367781   -0.7801550153    3.9595883905
  -4.1885042270    1.3509973415    2.9491468434
  -4.4318057285    0.2850238144    2.9491468434
  -4.1885042270   -0.7809497127    2.9491468434
  -3.5067885690   -1.6357941095    2.9491468434
  -2.5216809011   -2.1101969591    2.9491468434
  -4.4318057285    0.2850238144    1.8276413362
  -4.1885042270   -0.7809497127    1.8276413362
  -0.3460077781    3.0381516449    2.5109323898
  -1.1850013604    3.7651437224    2.5109323898
   0.2100584475    3.0389463423    1.5004908427
  -0.4716572106    3.8937907391    1.5004908427
  -1.4567648785    4.3681935888    1.5004908427
   0.2100584475    3.0389463423    0.3789853356
  -0.4716572106    3.8937907391    0.3789853356
  -1.4567648785    4.3681935888    0.3789853356
  -2.5501519011    4.3681935888    0.3789853356
  -3.5352595690    3.8937907391    0.3789853356
  -4.2169752271    3.0389463423    0.3789853356
  -4.4602767285    1.9729728152    0.3789853356
  -4.2169752271    0.9069992881    0.3789853356
  -1.1850013604    3.7651437224   -0.6314562116
  -2.2838492667    3.9231341997   -0.6314562116
  -3.2936750506    3.4619622166   -0.6314562116
  -3.8938661610    2.5280466193   -0.6314562116
  -0.0740689030   -1.0524999566   -2.9777182210
   0.1660708781    0.6841588146   -3.5630046496
  -1.9626943898    3.3741618146   -1.8945699122
  -2.9959396572    3.1686365524   -1.8945699122
  -3.8718826990    2.5833501238   -1.8945699122
  -1.4076215414   -1.7577712335   -2.9278151796
  -0.4074148298   -1.2760970676   -2.9278151796
  -0.0535060806    0.6741618146   -3.8037582214
  -1.1695889035   -1.0624969566   -3.8037582214
  -0.3565829798   -0.3580233136   -3.8037582214
  -2.4793170235   -0.2206548353   -4.3890446500
  -1.4460717561   -0.2206548353   -4.3890446500
  -4.2585010511    1.4837622157   -0.1925466115
  -4.8586921615    0.5498466184   -0.1925466115
  -4.8586921615   -0.5603009898   -0.1925466115
  -4.5000855694    1.9155907382   -1.2029881586
  -5.1818012275    1.0607463414   -1.2029881586
  -5.4251027289   -0.0052271857   -1.2029881586
  -5.1818012275   -1.0712007129   -1.2029881586
  -4.5000855694   -1.9260451096   -1.2029881586
  -4.5000855694    1.9155907382   -2.3244936657
  -5.1818012275    1.0607463414   -2.3244936657
  -5.4251027289   -0.0052271857   -2.3244936657
  -5.1818012275   -1.0712007129   -2.3244936657
  -4.5000855694   -1.9260451096   -2.3244936657
  -3.5149779015   -2.4004479593   -2.3244936657
  -2.4215908790   -2.4004479593   -2.3244936657
  -4.2585010511    1.4837622157   -3.3349352128
  -4.8586921615    0.5498466184   -3.3349352128
  -4.8586921615   -0.5603009898   -3.3349352128
  -4.2585010511   -1.4942165872   -3.3349352128
  -3.2486752671   -1.9553885702   -3.3349352128
  -2.1498273609   -1.7973980929   -3.3349352128
  -4.0616714128   -0.0052271857   -4.0341824593
  -3.5149779015   -0.9521281234   -4.0341824593
  -2.4215908790   -0.9521281234   -4.0341824593
  -1.0272863893   -2.0578291867    3.1749290892
  -1.5672863893   -2.9931366228    2.8855439613
  -0.4872863893   -2.9931366228    2.8855439613
  -2.8221282155   -2.5848422975    2.0949290892
  -2.2522786175   -3.4715455801    2.0949290892
  -1.2935026423   -3.9094038967    2.0949290892
  -0.2502048879   -3.7594003254    2.0949290892
   0.5463749805   -3.0691599403    2.0949290892
  -1.7932329453   -4.0774642709    1.0149290892
  -0.7669271600   -4.2020803547    1.0149290892
   0.1997334636   -3.8354743370    1.0149290892
  -4.1914282162   -1.0181550757    1.1305840887
  -4.1914282162   -2.0721812973    1.1305840887
  -3.6215786181   -2.9588845799    1.1305840887
  -4.4938207156   -1.0282463516    0.0505840887
  -4.4938207156   -2.0620900213    0.0505840887
  -4.0133696060   -2.9775131283    0.0505840887
  -3.1625329460   -3.5648032707    0.0505840887
  -3.6215786181   -2.9588845799   -1.0294159113
  -0.6249931599   -4.1369093547   -0.7523189117
   0.3416674637   -3.7703033370   -0.7523189117
  -2.1103446174   -3.4063745801   -1.8323189117
  -1.1515686423   -3.8442328966   -1.8323189117
  -0.1082708878   -3.6942293254   -1.8323189117
   0.6883089805   -3.0039889403   -1.8323189117
   0.1946476107   -1.9926581867   -2.6229337838
  -1.4253523893   -2.9279656228   -2.6229337838
  -0.3453523893   -2.9279656228   -2.6229337838
  -0.8853523893   -1.9926581867   -2.9123189117
   1.4923566116    1.9987112509    2.7358869613
   0.4123566116    1.9987112509    2.7358869613
   2.5260179814    2.0747345684    1.9452720891
   1.7294381130    2.7649749535    1.9452720891
   0.6861403586    2.9149785248    1.9452720891
   2.1793764645    2.8410489651    0.8652720891
   1.2127158410    3.2076549828    0.8652720891
   1.7294381130    2.7649749535   -0.2147279109
   0.6827046115   -0.4183551859    3.9220720895
   1.7627046115   -0.4183551859    3.6326869617
   1.2227046115    0.5169522502    3.6326869617
   0.1427046115   -1.3536626220    3.6326869617
   1.2227046115   -1.3536626220    3.6326869617
   2.2563659813    0.5929755677    2.8420720895
   0.4164883585   -2.2699298959    2.8420720895
   1.4597861129   -2.1199263246    2.8420720895
   0.9430638408   -2.5626063540    1.7620720895
   1.9014538413    1.8474299822   -1.1491149119
   2.4181761134    1.4047499529   -2.2291149119
   2.7210946119   -0.2968211859   -3.0197297840
   2.1810946119    0.6384862502   -3.0197297840
   1.1010946119    0.6384862502   -3.0197297840
   1.1010946119   -1.2321286220   -3.0197297840
   2.1810946119   -1.2321286220   -3.0197297840
   1.6410946119   -0.2968211859   -3.3091149119
   1.1457723588   -3.6236458965    0.8713760886
   2.1890701133   -3.4736423253    0.8713760886
   0.6460420558   -3.7917062708   -0.2086239114
   1.6723478412   -3.9163223546   -0.2086239114
   1.1457723588   -3.6236458965   -1.2886239114
   2.1890701133   -3.4736423253   -1.2886239114
   0.8719886118   -2.7073786226   -2.0792387836
   1.9519886118   -2.7073786226   -2.0792387836
   3.1229476126   -1.0029561862    3.6021520894
   4.2029476126   -1.0029561862    3.3127669615
   3.6629476126   -0.0676487501    3.3127669615
   2.5829476126   -0.0676487501    3.3127669615
   2.5829476126   -1.9382636223    3.3127669615
   3.6629476126   -1.9382636223    3.3127669615
   4.9935624848   -1.0029561862    2.5221520894
   4.6966089824    0.0083745674    2.5221520894
   1.8979553845   -2.4166725796    2.5221520894
   2.8567313596   -2.8545308962    2.5221520894
   3.9000291141   -2.7045273249    2.5221520894
   4.6966089824   -2.0142869398    2.5221520894
   2.3570010566   -3.0225912704    1.4421520894
   3.3833068420   -3.1472073543    1.4421520894
   3.8772436127    1.4282912506    2.4065859611
   2.7972436127    1.4282912506    2.4065859611
   4.9109049825    1.5043145681    1.6159710889
   4.1143251142    2.1945549532    1.6159710889
   3.0710273597    2.3445585245    1.6159710889
   4.5642634657    2.2706289648    0.5359710889
   3.5976028421    2.6372349826    0.5359710889
   2.5712970567    2.5126188987    0.5359710889
   4.1143251142    2.1945549532   -0.5440289111
   3.0710273597    2.3445585245   -0.5440289111
   3.4371636130   -3.2877536229    1.3373369606
   4.5171636130   -3.2877536229    1.3373369606
   2.7521713849   -3.7661625803    0.5467220884
   3.7109473600   -4.2040208968    0.5467220884
   4.7542451145   -4.0540173256    0.5467220884
   5.5508249828   -3.3637769405    0.5467220884
   2.3603803970   -3.7847911286   -0.5332779116
   3.2112170570   -4.3720812710   -0.5332779116
   4.2375228424   -4.4966973549   -0.5332779116
   5.2041834660   -4.1300913372   -0.5332779116
   5.8897486284   -3.3562482385   -0.5332779116
   2.7521713849   -3.7661625803   -1.6132779116
   3.7109473600   -4.2040208968   -1.6132779116
   4.7542451145   -4.0540173256   -1.6132779116
   3.4371636130   -3.2877536229   -2.4038927837
   4.5171636130   -3.2877536229   -2.4038927837
   5.8009206136    1.3428492506    0.8968249604
   6.8345819834    1.4188725681    0.1062100882
   6.0380021151    2.1091129532    0.1062100882
   4.9947043606    2.2591165244    0.1062100882
   7.1735056290    1.4113438661   -0.9737899118
   6.4879404666    2.1851869648   -0.9737899118
   5.5212798430    2.5517929825   -0.9737899118
   4.4949740576    2.4271768987   -0.9737899118
   6.8345819834    1.4188725681   -2.0537899118
   6.0380021151    2.1091129532   -2.0537899118
   4.9947043606    2.2591165244   -2.0537899118
   4.0359283855    1.8212582079   -2.0537899118
   5.8009206136    1.3428492506   -2.8444047840
   4.7209206136    1.3428492506   -2.8444047840
   6.5786911153   -2.9316683250   -0.5791029121
   7.3752709837   -2.2414279399   -0.5791029121
   7.9616096139   -1.2300971863   -1.6591029121
   7.7141946293   -0.2262951347   -1.6591029121
   6.0619688432   -3.3743483544   -1.6591029121
   7.0286294668   -3.0077423366   -1.6591029121
   7.7141946293   -2.2338992379   -1.6591029121
   7.6722244861   -1.2300971863   -2.7391029121
   7.3752709837   -0.2187664327   -2.7391029121
   5.5353933609   -3.0816718963   -2.7391029121
   6.5786911153   -2.9316683250   -2.7391029121
   7.3752709837   -2.2414279399   -2.7391029121
   6.8816096139   -1.2300971863   -3.5297177843
   6.3416096139   -0.2947897502   -3.5297177843
   5.2616096139   -2.1654046224   -3.5297177843
   6.3416096139   -2.1654046224   -3.5297177843
   5.8016096139   -1.2300971863   -3.8191029121
  -2.5500683901    2.2777788154    3.8544250895
  -2.0100683901    3.2130862514    3.5650399617
  -3.0900683901    3.2130862514    3.5650399617
  -3.6300683901    2.2777788154    3.5650399617
  -1.7729868886    3.9793499541    2.7744250895
  -2.8162846431    4.1293535253    2.7744250895
  -3.7750606182    3.6914952088    2.7744250895
  -4.3449102162    2.8047919262    2.7744250895
  -4.3449102162    1.7507657045    2.7744250895
  -2.2897091607    4.4220299834    1.6944250895
  -3.3160149461    4.2974138996    1.6944250895
  -4.1668516061    3.7101237572    1.6944250895
  -4.6473027157    2.7947006502    1.6944250895
  -4.6473027157    1.7608569805    1.6944250895
   0.4817941125    3.2178149537   -0.0604229119
   1.6172976264    2.5200458666   -1.1404229119
   0.9317324640    3.2938889653   -1.1404229119
  -0.0349281596    3.6604949830   -1.1404229119
  -1.0612339450    3.5358788992   -1.1404229119
   1.2783739808    2.5275745686   -2.2204229119
   0.4817941125    3.2178149537   -2.2204229119
  -0.5615036420    3.3678185250   -2.2204229119
   0.2447126110    2.4515512511   -3.0110377840
  -0.6157175368    3.1619129653   -2.7303719126
  -1.5823781604    3.5285189830   -2.7303719126
  -2.6086839457    3.4039028991   -2.7303719126
  -3.4595206058    2.8166127567   -2.7303719126
   0.0278774825    1.3842678149   -3.8103719126
  -0.2690760199    2.3955985686   -3.8103719126
  -1.0656558883    3.0858389536   -3.8103719126
  -2.1089536427    3.2358425249   -3.8103719126
  -3.0677296178    2.7979842084   -3.8103719126
  -3.6375792159    1.9112809257   -3.8103719126
  -0.7627373897    1.3842678149   -4.6009867848
  -1.3027373897    2.3195752510   -4.6009867848
  -2.3827373897    2.3195752510   -4.6009867848
  -2.9227373897    1.3842678149   -4.6009867848
  -2.3827373897    0.4489603788   -4.6009867848
  -1.3027373897    0.4489603788   -4.6009867848
  -1.8427373897    1.3842678149   -4.8903719126
  -3.0858721759   -3.8426228438    0.6434016217
  -2.1139506925   -4.3265822378    0.6434016217
  -3.0858721759   -3.8426228438   -0.3984874443
  -2.1139506925   -4.3265822378   -0.3984874443
  -1.0328346022   -4.4267623967   -0.3984874443
  -2.6044724951   -3.7349421864   -1.3775429113
   2.2657116540    1.0570714705    3.0511334184
   4.7046246551    0.4733754703    2.7340094182
   2.8079479685    1.3395586899    2.7340094182
   5.4558433341    0.4875566107    1.9358760889
   6.0160574421   -1.2747031863    1.8707124178
   5.7099366556   -0.2321515301    1.8707124178
   4.8887654828   -3.0288037143    1.8707124178
   5.7099366556   -2.3172548426    1.8707124178
   5.8261469238   -3.2054500790    1.0725790885
   6.4611553346   -2.3314359830    1.0725790885
   6.2710397468   -3.2650852654    0.0935236215
   2.8248855155   -2.7320625736   -2.7255542409
   3.0616341831   -1.2747031863   -3.2464987739
   3.5746643981   -2.1632975845   -3.2464987739
   6.1280610435   -0.6633691860    1.7671359505
   7.0303634426   -0.6633691860    1.2461914175
   6.7242426561    0.3791824702    1.2461914175
   5.9030714833    1.0907313419    1.2461914175
   6.7242426561   -1.7059208423    1.2461914175
   7.7000768249   -0.6633691860    0.4480580882
   7.4754613351    0.3933636106    0.4480580882
   6.8404529242   -2.5941160787    0.4480580882
   7.4754613351   -1.7201019827    0.4480580882
   8.0564238726   -0.6633691860   -0.5309973788
   7.8569182565    0.4038915947   -0.5309973788
   6.4189003793   -3.3080604347   -0.5309973788
   7.8569182565    0.4038915947   -1.5728864448
   3.3215628271    1.6943114713   -1.5728864448
   7.4754613351    0.3933636106   -2.5519419118
   3.8029625079    1.5866308140   -2.5519419118
   6.7242426561    0.3791824702   -3.3500752412
   5.9030714833    1.0907313419   -3.3500752412
   4.8275659694    1.2453656899   -3.3500752412
   3.8391915160    0.7939902012   -3.3500752412
   3.2517500285   -0.1200865957   -3.3500752412
   3.2517500285   -1.2066517764   -3.3500752412
   3.8391915160   -2.1207285733   -3.3500752412
   5.6150308286    0.2252252121   -3.8710197742
   4.5889703986    0.2252252121   -3.8710197742
   4.0759401836   -0.6633691860   -3.8710197742
   4.5889703986   -1.5519635842   -3.8710197742
   5.1020006136   -0.6633691860   -4.0519419118
   0.0680529210    2.6378197073    2.7823720893
  -4.5745179783    0.1641989653    0.7614275563
  -1.9749873898    0.2850238144    5.1883940898
  -0.9034737792    0.2850238144    4.9752567808
  -1.4392305845    1.2129818217    4.9752567808
  -2.5107441951    1.2129818217    4.9752567808
  -3.0465010004    0.2850238144    4.9752567808
  -2.5107441951   -0.6429341929    4.9752567808
  -1.4392305845   -0.6429341929    4.9752567808
   0.0049115975    0.2850238144    4.3682930771
  -0.2603445698    1.2749733081    4.3682930771
  -0.9850378961    1.9996666344    4.3682930771
  -1.9749873898    2.2649228017    4.3682930771
  -2.9649368834    1.9996666344    4.3682930771
  -3.6896302097    1.2749733081    4.3682930771
  -3.9548863771    0.2850238144    4.3682930771
  -3.6896302097   -0.7049256793    4.3682930771
  -2.9649368834   -1.4296190055    4.3682930771
  -1.9749873898   -1.6948751729    4.3682930771
  -0.9850378961   -1.4296190055    4.3682930771
  -0.2603445698   -0.7049256793    4.3682930771
   0.3882292712    1.3371956615    3.4599077004
  -0.2440383888    2.2074374375    3.4599077004
  -4.5053209244    0.8228628104    3.4599077004
  -4.5053209244   -0.2528151816    3.4599077004
  -4.0678032689   -1.2354959251    3.4599077004
  -3.2684187353   -1.9552649921    3.4599077004
  -2.2453881716   -2.2876677721    3.4599077004
  -1.1756028561   -2.1752288047    3.4599077004
  -4.7273120689    0.7995224643    2.3883940898
  -4.7273120689   -0.2294748355    2.3883940898
  -4.3555953698   -1.1889862416    2.3883940898
  -3.6623643716   -1.9494244220    2.3883940898
  -0.2888155698    2.9629223089    2.9196370764
  -1.0135088961    3.6876156352    2.9196370764
  -0.2725093888    3.8953864383    2.0112516997
  -1.2040738562    4.4332254343    2.0112516997
   0.0657665784    3.8593206174    0.9397380891
  -0.7553909936    4.4794300310    0.9397380891
  -1.7451069833    4.7610285088    0.9397380891
  -2.7697147620    4.6660846161    0.9397380891
  -4.7557830689    1.4584741653    0.9397380891
  -0.2725093888    3.8953864383   -0.1317755215
  -1.2040738562    4.4332254343   -0.1317755215
  -2.2738591716    4.5456644017   -0.1317755215
  -3.2968897353    4.2132616217   -0.1317755215
  -4.0962742690    3.4934925547   -0.1317755215
  -4.5337919245    2.5108118112   -0.1317755215
  -2.0034583898    3.9528718025   -1.0401608982
  -2.9934078835    3.6876156352   -1.0401608982
  -3.7181012097    2.9629223089   -1.0401608982
   1.0611884398    0.6841588146   -3.3666632412
   0.7550676533    1.7267104709   -3.3666632412
  -1.6900946025    3.6159820249   -1.3736253792
  -2.7712106928    3.5158018659   -1.3736253792
  -3.7431321762    3.0318424720   -1.3736253792
  -3.7431321762    3.0318424720   -2.4155144452
  -4.0645821974    2.2012726960   -3.3945699122
  -1.1598446878   -1.7967554960   -3.3945699122
  -0.2242420791   -1.2565850781   -3.3945699122
  -0.0343315607    0.6741618146   -4.1927032416
  -3.8129449748    1.2174444049   -4.1927032416
  -2.2371290339   -1.2345730613   -4.1927032416
  -1.1616235201   -1.0799387134   -4.1927032416
  -0.3404523472   -0.3683898417   -4.1927032416
  -2.4757246048   -0.2144325836   -4.7136477746
  -1.4496641748   -0.2144325836   -4.7136477746
  -4.6829272102    0.9847223079    0.2161580752
  -4.9481833776   -0.0052271857    0.2161580752
  -5.0611002694    1.5152925538   -0.6922273015
  -5.4986179249    0.5326118103   -0.6922273015
  -5.4986179249   -0.5430661817   -0.6922273015
  -5.0611002694   -1.5257469252   -0.6922273015
  -4.6556613721    2.2292210507   -1.7637409122
  -5.3488923703    1.4687828703   -1.7637409122
  -5.7206090694    0.5092714642   -1.7637409122
  -5.7206090694   -0.5197258356   -1.7637409122
  -5.3488923703   -1.4792372418   -1.7637409122
  -4.6556613721   -2.2396754221   -1.7637409122
  -3.7345407625   -2.6983389866   -1.7637409122
  -5.0611002694    1.5152925538   -2.8352545228
  -5.4986179249    0.5326118103   -2.8352545228
  -5.4986179249   -0.5430661817   -2.8352545228
  -5.0611002694   -1.5257469252   -2.8352545228
  -4.2617157358   -2.2455159923   -2.8352545228
  -3.2386851720   -2.5779187723   -2.8352545228
  -2.1688998566   -2.4654798048   -2.8352545228
  -4.6829272102    0.9847223079   -3.7436398995
  -4.9481833776   -0.0052271857   -3.7436398995
  -4.6829272102   -0.9951766794   -3.7436398995
  -3.9582338839   -1.7198700057   -3.7436398995
  -2.9682843902   -1.9851261731   -3.7436398995
  -1.9783348966   -1.7198700057   -3.7436398995
  -4.0397980009   -0.0052271857   -4.3506036032
  -3.5040411956   -0.9331851930   -4.3506036032
  -1.5479468763   -2.9596396036    3.1772543721
  -0.5066259024   -2.9596396036    3.1772543721
  -2.8276747429   -2.5864709049    2.5113046136
  -2.2560641616   -3.4759143309    2.5113046136
  -1.2943253197   -3.9151257434    2.5113046136
  -0.2478035042   -3.7646586221    2.5113046136
   0.5512380028   -3.0722852150    2.5113046136
  -2.4861446552   -3.8871795904    1.5489793307
  -1.5479468763   -4.3389918282    1.5489793307
  -0.5066259024   -4.3389918282    1.5489793307
   0.4315718766   -3.8871795904    1.5489793307
  -4.1969747435   -2.0738099046    1.5469596132
  -3.6253641622   -2.9632533307    1.5469596132
  -4.5046976636   -0.5299553035    0.5846343302
  -4.7364133792   -1.5451681865    0.5846343302
  -4.5046976636   -2.5603810694    0.5846343302
  -3.8554446559   -3.3745185902    0.5846343302
  -4.5046976636   -2.5603810694   -0.4834661528
  -3.8554446559   -3.3745185902   -0.4834661528
  -3.6253641622   -2.9632533307   -1.4457914358
  -1.4060128762   -4.2738208281   -1.2863691532
  -0.3646919023   -4.2738208281   -1.2863691532
   0.5735058766   -3.8220085904   -1.2863691532
  -2.1141301615   -3.4107433309   -2.2486944361
  -1.1523913196   -3.8499547433   -2.2486944361
  -0.1058695042   -3.6994876221   -2.2486944361
   0.6931720028   -3.0071142150   -2.2486944361
   0.1559685846   -1.9926581867   -2.9146441946
  -1.4060128762   -2.8944686035   -2.9146441946
  -0.3646919023   -2.8944686035   -2.9146441946
  -0.8853523893   -1.9926581867   -3.1523189117
   1.4730170985    1.9652142317    3.0275973721
   0.4316961247    1.9652142317    3.0275973721
   2.5308810037    2.0778598431    2.3616476136
   1.7318394967    2.7702332502    2.3616476136
   0.6853176812    2.9207003715    2.3616476136
   2.4112148775    2.8927542185    1.3993223306
   1.4730170985    3.3445664563    1.3993223306
   0.4316961247    3.3445664563    1.3993223306
   2.4112148775    2.8927542185    0.3312218476
   1.4730170985    3.3445664563    0.3312218476
   0.4316961247    3.3445664563    0.3312218476
   1.7318394967    2.7702332502   -0.6311034354
   0.6827046115   -0.4183551859    4.1620720895
   1.7240255854   -0.4183551859    3.9243973725
   1.2033650984    0.4834552310    3.9243973725
   0.1620441245   -1.3201656028    3.9243973725
   1.2033650984   -1.3201656028    3.9243973725
   2.2612290036    0.5961008424    3.2584476140
   0.4156656811   -2.2756517426    3.2584476140
   1.4621874966   -2.1251846214    3.2584476140
   1.2033650984   -2.6995178274    2.2961223310
   2.1617550989    1.9843414556   -1.6831651534
   2.4205774970    1.4100082496   -2.6454904363
   2.6824155858   -0.2968211859   -3.3114401948
   2.1617550989    0.6049892310   -3.3114401948
   1.1204341250   -1.1986316027   -3.3114401948
   2.1617550989   -1.1986316027   -3.3114401948
   1.6410946119   -0.2968211859   -3.5491149119
   1.1449496815   -3.6293677432    1.2877516130
   2.1914714969   -3.4789006220    1.2877516130
   0.8913281249   -4.0532338280    0.3254263301
   1.9326490988   -4.0532338280    0.3254263301
   0.8913281249   -4.0532338280   -0.7426741529
   1.9326490988   -4.0532338280   -0.7426741529
   1.1449496815   -3.6293677432   -1.7049994359
   2.1914714969   -3.4789006220   -1.7049994359
   0.8913281249   -2.6738816034   -2.3709491944
   3.1229476126   -1.0029561862    3.8421520894
   4.1642685865   -1.0029561862    3.6044773723
   3.6436080996   -0.1011457693    3.6044773723
   2.6022871257   -0.1011457693    3.6044773723
   2.6022871257   -1.9047666031    3.6044773723
   3.6436080996   -1.9047666031    3.6044773723
   4.9993431706   -1.0029561862    2.9385276138
   4.7014720047    0.0114998421    2.9385276138
   1.8941698404   -2.4210413304    2.9385276138
   2.8559086823   -2.8602527429    2.9385276138
   3.9024304977   -2.7097856216    2.9385276138
   4.7014720047   -2.0174122145    2.9385276138
   2.6022871257   -3.2841188277    1.9762023309
   3.6436080996   -3.2841188277    1.9762023309
   3.8579040997    1.3947942314    2.6982963719
   2.8165831258    1.3947942314    2.6982963719
   4.9157680048    1.5074398428    2.0323466134
   4.1167264978    2.1998132499    2.0323466134
   3.0702046824    2.3502803712    2.0323466134
   4.7961018786    2.3223342182    1.0700213304
   3.8579040997    2.7741464560    1.0700213304
   2.8165831258    2.7741464560    1.0700213304
   3.8579040997    2.7741464560    0.0019208474
   2.8165831258    2.7741464560    0.0019208474
   3.0702046824    2.3502803712   -0.9604044355
   2.7483858408   -3.7705313311    0.9630976129
   3.7101246827   -4.2097427435    0.9630976129
   4.7566464981   -4.0592756223    0.9630976129
   2.5183053471   -4.1817965906    0.0007723299
   3.4565031261   -4.6336088283    0.0007723299
   4.4978241000   -4.6336088283    0.0007723299
   5.4360218789   -4.1817965906    0.0007723299
   2.5183053471   -4.1817965906   -1.0673281531
   3.4565031261   -4.6336088283   -1.0673281531
   4.4978241000   -4.6336088283   -1.0673281531
   5.4360218789   -4.1817965906   -1.0673281531
   2.7483858408   -3.7705313311   -2.0296534360
   3.7101246827   -4.2097427435   -2.0296534360
   4.7566464981   -4.0592756223   -2.0296534360
   3.4565031261   -3.2542566037   -2.6956031945
   4.4978241000   -3.2542566037   -2.6956031945
   5.7815811006    1.3093522313    1.1885353712
   6.8394450057    1.4219978428    0.5225856127
   6.0404034987    2.1143712499    0.5225856127
   4.9938816833    2.2648383711    0.5225856127
   7.3690318872    1.4227546974   -0.4397396703
   6.7197788795    2.2368922182   -0.4397396703
   5.7815811006    2.6887044560   -0.4397396703
   4.7402601267    2.6887044560   -0.4397396703
   7.3690318872    1.4227546974   -1.5078401533
   6.7197788795    2.2368922182   -1.5078401533
   5.7815811006    2.6887044560   -1.5078401533
   4.7402601267    2.6887044560   -1.5078401533
   3.8020623477    2.2368922182   -1.5078401533
   6.8394450057    1.4219978428   -2.4701654362
   6.0404034987    2.1143712499   -2.4701654362
   4.9938816833    2.2648383711   -2.4701654362
   4.0321428414    1.8256269587   -2.4701654362
   8.1414366031   -1.2300971863   -1.1250526706
   6.3222701008   -3.5112598278   -1.1250526706
   7.2604678798   -3.0594475900   -1.1250526706
   7.9097208875   -2.2453100693   -1.1250526706
   8.1414366031   -1.2300971863   -2.1931531536
   7.9097208875   -0.2148843033   -2.1931531536
   5.2809491270   -3.5112598278   -2.1931531536
   6.3222701008   -3.5112598278   -2.1931531536
   7.2604678798   -3.0594475900   -2.1931531536
   7.9097208875   -2.2453100693   -2.1931531536
   7.6780051718   -1.2300971863   -3.1554784366
   7.3801340060   -0.2156411580   -3.1554784366
   5.5345706835   -3.0873937430   -3.1554784366
   6.5810924990   -2.9369266217   -3.1554784366
   7.3801340060   -2.2445532146   -3.1554784366
   6.8429305878   -1.2300971863   -3.8214281951
   6.3222701008   -0.3282867694   -3.8214281951
   5.2809491270   -2.1319076032   -3.8214281951
   6.3222701008   -2.1319076032   -3.8214281951
   5.8016096139   -1.2300971863   -4.0591029121
  -2.0294079031    3.1795892322    3.8567503724
  -3.0707288770    3.1795892322    3.8567503724
  -3.5913893639    2.2777788154    3.8567503724
  -0.9715439980    3.2922348437    3.1908006139
  -1.7705855050    3.9846082508    3.1908006139
  -2.8171073204    4.1350753720    3.1908006139
  -3.7788461623    3.6958639596    3.1908006139
  -4.3504567436    2.8064205335    3.1908006139
  -4.3504567436    1.7491370972    3.1908006139
  -2.0294079031    4.5589414568    2.2284753310
  -3.0707288770    4.5589414568    2.2284753310
  -4.0089266560    4.1071292191    2.2284753310
  -4.6581796636    3.2929916983    2.2284753310
  -4.8898953793    2.2777788154    2.2284753310
  -4.6581796636    1.2625659324    2.2284753310
  -3.0707288770    4.5589414568    1.1603748480
  -4.0089266560    4.1071292191    1.1603748480
  -4.6581796636    3.2929916983    1.1603748480
  -4.8898953793    2.2777788154    1.1603748480
   1.1635708769    3.3455942187   -0.6063726704
   0.2253730980    3.7974064565   -0.6063726704
   1.8128238846    2.5314566980   -1.6744731534
   1.1635708769    3.3455942187   -1.6744731534
   0.2253730980    3.7974064565   -1.6744731534
  -0.8159478759    3.7974064565   -1.6744731534
   1.2832370031    2.5306998433   -2.6367984363
   0.4841954961    3.2230732504   -2.6367984363
  -1.3220769028    3.6654304564   -2.1963216711
  -2.3633978767    3.6654304564   -2.1963216711
  -0.3838791238    3.2136182186   -3.2644221541
  -1.3220769028    3.6654304564   -3.2644221541
  -2.3633978767    3.6654304564   -3.2644221541
  -3.3015956556    3.2136182186   -3.2644221541
   0.0336581682    1.3842678149   -4.2267474371
  -0.2642129976    2.3987238432   -4.2267474371
  -1.0632545046    3.0910972504   -4.2267474371
  -2.1097763201    3.2415643716   -4.2267474371
  -3.0715151620    2.8023529591   -4.2267474371
  -3.6431257433    1.9129095331   -4.2267474371
  -0.8014164158    1.3842678149   -4.8926971956
  -1.3220769028    2.2860782318   -4.8926971956
  -2.3633978767    2.2860782318   -4.8926971956
  -2.8840583636    1.3842678149   -4.8926971956
  -2.3633978767    0.4824573981   -4.8926971956
  -1.3220769028    0.4824573981   -4.8926971956
  -1.8427373897    1.3842678149   -5.1303719126
