  -0.0061477331
  -0.0018627325
   0.0035016412
   0.0086600112
  -0.0032536261
  -0.0088194901
   0.0025537991
  -0.0129234920
  -0.0095084845
  -0.0046063823
  -0.0173709640
  -0.0060699087
  -0.0081144925
  -0.0011705999
  -0.0123959758
   0.0053079616
   0.0081892299
  -0.0021189560
  -0.0132183042
   0.0025821529
  -0.0050702791
  -0.0146864858
  -0.0078795538
  -0.0033438767
   0.0168969554
  -0.0107974990
  -0.0139796360
  -0.0443130784
  -0.0383453306
  -0.0349922738
  -0.0375635499
  -0.0452666964
  -0.0482803022
  -0.0453485235
  -0.0233207003
  -0.0185272738
  -0.0115108137
  -0.0032836911
  -0.0243008235
  -0.0411518779
  -0.0471223171
  -0.0487013352
  -0.0442392115
  -0.0329791902
  -0.0308280416
  -0.0402077711
  -0.0426522428
  -0.0372210988
  -0.0225515820
   0.0043691808
   0.0156925311
   0.0026611784
  -0.0037040811
   0.0060000854
   0.0083505091
  -0.0071129734
  -0.0065738162
  -0.0084215388
  -0.0181916075
  -0.0210166592
   0.0039102045
  -0.0100913596
   0.0167588671
  -0.0043592836
   0.0155134934
   0.0058998929
  -0.0133301211
   0.0159514024
  -0.0079137237
   0.0014273770
   0.0072214692
  -0.0101683166
  -0.0153231200
   0.0099354365
  -0.0240468774
  -0.0383392106
  -0.0254283477
  -0.0422353389
  -0.0502050580
  -0.0497830117
  -0.0289304324
  -0.0484230807
  -0.0553711686
  -0.0555781635
  -0.0515350281
  -0.0432840717
  -0.0453613910
  -0.0567333030
  -0.0564435841
  -0.0499208251
  -0.0359266198
  -0.0245489682
  -0.0489075747
  -0.0472959297
  -0.0280903694
  -0.0265098624
  -0.0110080200
   0.0080331427
  -0.0092210410
   0.0041643832
  -0.0101393330
  -0.0003919425
   0.0064732586
   0.0113814394
   0.0050610019
   0.0109971701
  -0.0221409371
  -0.0139990271
  -0.0166560948
  -0.0107802471
  -0.0067055152
  -0.0200599066
  -0.0101006451
  -0.0330934227
   0.0057833685
  -0.0012426016
   0.0075015530
   0.0136723613
   0.0082132772
  -0.0067880777
   0.0072033859
   0.0015339691
   0.0154620318
   0.0167279013
   0.0186106968
   0.0229100946
   0.0229444092
   0.0188431445
   0.0284637000
   0.0314697426
   0.0326359847
   0.0450385277
   0.0041482857
   0.0137592258
   0.0073797254
  -0.0148147543
  -0.0083390906
   0.0113750517
   0.0151024954
   0.0110521011
   0.0258441738
   0.0031277204
   0.0168160267
   0.0101527625
   0.0045141640
   0.0044666319
   0.0102739245
   0.0161432588
   0.0141838930
   0.0166134956
   0.0151985611
   0.0157273025
   0.0125424377
   0.0104926727
   0.0129268649
   0.0093582234
   0.0098439964
   0.0152004815
   0.0156913842
   0.0130286620
   0.0023692819
   0.0155102660
   0.0130311601
   0.0075071167
   0.0063509303
   0.0136147428
   0.0168754087
   0.0035076272
   0.0140350017
   0.0193239433
   0.0246867541
   0.0212031771
   0.0266616370
   0.0172752937
   0.0173636336
   0.0101559989
   0.0176182697
   0.0144744387
   0.0066474961
   0.0157370805
   0.0161148469
   0.0150606498
   0.0109049142
   0.0078828774
   0.0105101654
  -0.0026576272
   0.0111205940
   0.0027128961
   0.0116274816
   0.0172709533
   0.0197305684
   0.0077439217
   0.0127369857
   0.0163875857
   0.0153694751
   0.0065002192
   0.0102593139
   0.0029332338
   0.0043091769
   0.0067157729
   0.0058232188
   0.0109498624
   0.0084876175
   0.0074654784
   0.0115011471
   0.0124697343
   0.0115406100
   0.0057535654
   0.0002340839
   0.0110487674
   0.0060505055
   0.0158381195
   0.0116234530
   0.0327430792
   0.0353295587
   0.0047692606
   0.0172533488
   0.0318655132
   0.0385347231
   0.0351704502
   0.0198682070
   0.0262352453
   0.0235435889
   0.0124089126
   0.0330404539
   0.0472542291
   0.0382345154
   0.0127026625
   0.0386718480
   0.0472169207
   0.0459900935
   0.0396336609
   0.0346324086
   0.0475408211
   0.0329260854
   0.0183211456
   0.0327094579
   0.0368107057
   0.0293573675
   0.0192405062
   0.0034573606
   0.0251044353
   0.0259713445
   0.0156163524
   0.0041541896
   0.0155686031
   0.0187526676
  -0.0018907290
  -0.0140363919
   0.0271712275
  -0.0003214254
   0.0043524331
   0.0165080505
  -0.0038483397
   0.0026449490
  -0.0081782480
  -0.0075710923
  -0.0042787487
  -0.0125204578
  -0.0043935896
  -0.0079019229
  -0.0024761935
  -0.0113549696
  -0.0012390577
   0.0020078964
   0.0058629843
   0.0066479724
  -0.0006242746
  -0.0077301407
   0.0021984640
  -0.0027090045
  -0.0084732041
  -0.0046358368
  -0.0017124864
   0.0060299863
  -0.0095925230
  -0.0152408736
  -0.0347333936
  -0.0302802160
  -0.0274470415
  -0.0292221352
  -0.0356210171
  -0.0382845012
  -0.0355652618
  -0.0202027406
  -0.0168445798
  -0.0120481561
  -0.0085557517
  -0.0210761976
  -0.0332810997
  -0.0383050152
  -0.0388756789
  -0.0348028374
  -0.0267090550
  -0.0200514663
  -0.0321736437
  -0.0362395348
  -0.0360269834
  -0.0299528278
  -0.0192675236
  -0.0086526076
  -0.0249981964
  -0.0288473842
   0.0087786478
   0.0086412249
   0.0039444396
   0.0111620777
   0.0153163868
   0.0019591868
   0.0013395382
   0.0055922493
   0.0068928271
   0.0004605057
  -0.0101374585
   0.0015939880
  -0.0035354501
  -0.0082068897
  -0.0196694660
  -0.0004509060
   0.0168671899
   0.0075848267
  -0.0051184831
   0.0026587246
   0.0188472742
   0.0000029983
   0.0085561562
  -0.0107729119
   0.0061546180
  -0.0257183088
  -0.0311499829
  -0.0381412209
  -0.0368428964
  -0.0327266864
  -0.0411488318
  -0.0440693025
  -0.0424726623
  -0.0360070633
  -0.0330139060
  -0.0431587428
  -0.0462698550
  -0.0449893951
  -0.0403641500
  -0.0318135587
  -0.0333735918
  -0.0437572758
  -0.0444378046
  -0.0390064872
  -0.0271021858
  -0.0172684089
  -0.0356044652
  -0.0351492691
  -0.0206913783
  -0.0190888153
  -0.0144331311
   0.0030260789
  -0.0261121540
  -0.0068943092
   0.0010507244
  -0.0087457371
  -0.0006475247
   0.0048109382
   0.0091638591
  -0.0018583574
   0.0028958414
   0.0072152146
  -0.0237739090
  -0.0154597143
  -0.0162019279
  -0.0157182094
  -0.0111721613
  -0.0074813299
  -0.0218082956
  -0.0135113506
  -0.0086222545
  -0.0211302387
  -0.0118097780
  -0.0277284794
  -0.0023835973
   0.0033871746
   0.0088006736
  -0.0113782558
  -0.0002732350
   0.0062966179
   0.0102521570
   0.0053106439
  -0.0167620124
  -0.0029934326
   0.0048167900
  -0.0005867166
   0.0125852249
   0.0129549204
   0.0119139720
   0.0178346056
   0.0177873624
   0.0156858022
   0.0229917269
   0.0225176082
   0.0271188710
   0.0316452832
   0.0004911440
   0.0096479063
   0.0055679283
  -0.0074766536
  -0.0029724200
   0.0079981942
   0.0120117041
   0.0050538533
   0.0117870356
   0.0200983768
   0.0349165168
   0.0065627409
   0.0198203537
   0.0019252927
   0.0028229757
   0.0122361131
   0.0146508768
   0.0049588223
   0.0048114174
   0.0031005341
   0.0083784214
   0.0140009573
   0.0150939300
   0.0124006441
   0.0143578160
   0.0115772157
   0.0132561641
   0.0167432363
   0.0117238947
   0.0123615922
   0.0086776054
   0.0072506876
   0.0102506783
   0.0078612560
   0.0083059338
   0.0108364122
   0.0132435222
   0.0116870269
   0.0098474051
   0.0033253713
   0.0046427040
   0.0151606040
   0.0121668505
   0.0099895820
   0.0061731345
   0.0150115045
   0.0132362622
   0.0102686309
   0.0132295817
   0.0027010567
   0.0101002139
   0.0146548382
   0.0184514828
   0.0163652894
   0.0194915611
   0.0184238958
   0.0224931428
   0.0177681078
   0.0126253068
   0.0066483148
   0.0166145804
   0.0133391152
   0.0097495420
   0.0028085280
   0.0142548396
   0.0127866389
   0.0099314090
   0.0049195680
   0.0111575096
   0.0117421358
   0.0108888007
   0.0093500313
   0.0064172397
   0.0070548156
   0.0067690184
   0.0075387143
   0.0127279274
   0.0167183820
   0.0088210748
   0.0127450367
   0.0152682145
   0.0164715767
   0.0095710688
   0.0120709597
   0.0123127901
   0.0083087414
   0.0074156553
   0.0052178053
  -0.0000490893
   0.0015846495
   0.0008117962
   0.0063796023
   0.0055740126
   0.0085506498
   0.0078001915
   0.0073775960
   0.0091493176
   0.0075243092
   0.0067232907
   0.0094485494
   0.0100591482
   0.0085638280
   0.0055136520
   0.0038224875
   0.0085066775
   0.0045657007
   0.0066925853
   0.0035626769
   0.0210037857
   0.0253150092
   0.0148905598
   0.0161082993
   0.0246307523
   0.0296031587
   0.0285772136
   0.0197782886
   0.0222030473
   0.0258581934
   0.0241425496
   0.0171977746
   0.0054218225
   0.0125733475
   0.0302833930
   0.0391411991
   0.0382574110
   0.0319761618
   0.0208847919
   0.0309029655
   0.0378690216
   0.0392255451
   0.0378086432
   0.0292806799
   0.0385185764
   0.0337022764
   0.0231250191
   0.0139117756
   0.0010729193
   0.0249710805
   0.0283757965
   0.0246511643
   0.0178369802
   0.0080234701
  -0.0077652397
   0.0196493423
   0.0207817292
   0.0151719493
   0.0059531576
   0.0040166993
   0.0130354426
   0.0141912946
  -0.0226375947
  -0.0071337887
  -0.0039806480
   0.0005620114
   0.0051947845
  -0.0099857590
  -0.0027613147
  -0.0156107304
   0.0114162716
   0.0044902273
   0.0011083111
  -0.0091886588
   0.0094954204
   0.0028604693
  -0.0044370225
   0.0000485177
   0.0020144747
   0.0034405204
  -0.0049816821
  -0.0029541667
  -0.0082215298
  -0.0023598379
  -0.0063430200
  -0.0020801568
  -0.0088351264
  -0.0022782658
   0.0008058369
  -0.0034734479
  -0.0036749894
   0.0025484296
   0.0037489860
   0.0060104442
   0.0077689061
   0.0057661300
   0.0057074875
   0.0044344143
   0.0011329478
  -0.0034201792
   0.0024421858
  -0.0006948094
  -0.0043361524
  -0.0021611207
  -0.0002180682
   0.0001631403
   0.0046204187
  -0.0089114266
  -0.0188186662
  -0.0276752285
  -0.0234921726
  -0.0208036240
  -0.0222216888
  -0.0284772532
  -0.0310797330
  -0.0283049753
  -0.0140193845
  -0.0117296596
  -0.0080619874
  -0.0030342921
  -0.0093621710
  -0.0219794273
  -0.0293666202
  -0.0318408364
  -0.0306205176
  -0.0257756609
  -0.0187184261
  -0.0053623328
  -0.0218754948
  -0.0283492976
  -0.0298655595
  -0.0274743656
  -0.0162351282
  -0.0235265918
   0.0088867664
   0.0137736736
   0.0122952732
   0.0065294332
   0.0093613409
   0.0212125449
   0.0074075204
   0.0039263517
   0.0055024768
   0.0067035915
   0.0031368136
  -0.0061092012
  -0.0164854399
   0.0089692449
   0.0014205609
  -0.0028388950
  -0.0114655670
   0.0020139776
   0.0163389590
   0.0179879622
   0.0067570623
  -0.0066380870
  -0.0080761605
   0.0013580673
   0.0164694118
  -0.0004737177
   0.0079355815
  -0.0078015016
   0.0041982243
  -0.0211774656
  -0.0286180520
  -0.0318460808
  -0.0219110722
  -0.0308449491
  -0.0355280693
  -0.0363176976
  -0.0332733233
  -0.0207384196
  -0.0319485936
  -0.0371028127
  -0.0380680103
  -0.0359222874
  -0.0309410015
  -0.0222564821
  -0.0196799517
  -0.0322644137
  -0.0364220592
  -0.0350444317
  -0.0292575371
  -0.0183937172
  -0.0279072804
  -0.0277919688
  -0.0157036200
  -0.0162166562
  -0.0083056386
  -0.0005014355
  -0.0158411146
  -0.0064358544
  -0.0003266019
   0.0042201093
   0.0084573008
  -0.0012605413
   0.0029366806
   0.0072253464
  -0.0186370356
  -0.0146006655
  -0.0104692006
  -0.0272716939
  -0.0183371787
  -0.0120763540
  -0.0077528086
  -0.0171495256
   0.0036285302
   0.0088324393
  -0.0075911216
   0.0004809469
   0.0056718291
   0.0089176732
   0.0041444498
  -0.0044064695
   0.0032270674
  -0.0016324112
   0.0110798856
   0.0092074789
   0.0158578276
   0.0156650100
   0.0141036835
   0.0206204113
   0.0203187272
   0.0281147801
  -0.0017400305
   0.0076651692
   0.0039798165
  -0.0055103022
   0.0057137058
   0.0108499400
   0.0053357549
   0.0106339476
   0.0129858765
   0.0302257366
   0.0168146795
   0.0015723585
   0.0110840362
   0.0145968247
   0.0042451291
   0.0022964962
   0.0073719719
   0.0109883818
   0.0132355932
   0.0099893156
   0.0118362288
   0.0098331854
   0.0113268672
   0.0074165592
   0.0061868965
   0.0084250905
   0.0064381942
   0.0072182438
   0.0093527274
   0.0095978658
   0.0080244854
   0.0022836557
   0.0038808517
   0.0117330403
   0.0099734928
   0.0078400848
   0.0044215469
   0.0132296345
   0.0114729621
   0.0092513781
   0.0120994313
   0.0083660414
   0.0123975672
   0.0157292482
   0.0143913943
   0.0169647250
   0.0219904324
   0.0170565974
   0.0199482027
   0.0112538512
   0.0058107227
   0.0132770514
   0.0105706830
   0.0073097558
   0.0014413261
   0.0135428487
   0.0116083143
   0.0101195973
   0.0076780030
   0.0036940454
   0.0097778970
   0.0096491022
   0.0087980230
   0.0053879385
   0.0060103175
   0.0061137066
   0.0059419046
   0.0103375427
   0.0141145334
   0.0072414824
   0.0104378974
   0.0129547023
   0.0150083503
   0.0080563912
   0.0101822862
   0.0113112949
   0.0105140787
   0.0066699825
   0.0051907571
   0.0011875675
   0.0004795920
   0.0052284439
   0.0048942258
   0.0071252351
   0.0063240293
   0.0058786855
   0.0075056164
   0.0066073409
   0.0066458455
   0.0079090455
   0.0081131596
   0.0070582242
   0.0048639096
   0.0032100256
   0.0069293347
   0.0038570526
   0.0011723314
   0.0153033617
   0.0186036428
   0.0084808779
   0.0184224422
   0.0226054463
   0.0228784116
   0.0180611948
   0.0056880698
   0.0165707261
   0.0199254250
   0.0194329815
   0.0149720337
   0.0064847385
   0.0272755260
   0.0332823963
   0.0326508994
   0.0281376969
   0.0196732526
   0.0317518085
   0.0332031522
   0.0321426662
   0.0329290100
   0.0318751629
   0.0218701397
   0.0136089407
   0.0039203827
   0.0216849939
   0.0249561017
   0.0221324969
   0.0165600804
   0.0090222521
  -0.0024710381
   0.0164656986
   0.0173993127
   0.0119416834
   0.0030470827
   0.0010827599
   0.0099725779
   0.0110873346
  -0.0067630393
  -0.0027677562
  -0.0079277879
  -0.0032822015
   0.0012119999
  -0.0085731273
   0.0092781940
   0.0046388814
   0.0102739644
   0.0016750592
  -0.0048446970
  -0.0026580585
   0.0032034702
  -0.0019259328
  -0.0003855510
  -0.0055485080
   0.0000572115
   0.0024886456
  -0.0027768145
  -0.0016298628
  -0.0049810352
  -0.0046042478
  -0.0012633640
   0.0034905457
  -0.0063160577
  -0.0022497952
   0.0001972474
  -0.0035204046
  -0.0035228268
   0.0009213959
   0.0024556796
   0.0022837792
   0.0045654641
   0.0140102543
   0.0057203762
   0.0078926692
   0.0051431807
   0.0049439467
   0.0042581164
   0.0024183158
  -0.0006460519
  -0.0033255543
  -0.0017305889
   0.0027311685
   0.0007396122
  -0.0016936753
  -0.0005020243
   0.0008538376
   0.0082850163
  -0.0179437982
  -0.0224220904
  -0.0192100910
  -0.0170623269
  -0.0182907881
  -0.0232484263
  -0.0253786854
  -0.0230402680
  -0.0125335160
  -0.0107484421
  -0.0085497422
  -0.0058403046
  -0.0076396977
  -0.0152184598
  -0.0221210463
  -0.0257238445
  -0.0264174881
  -0.0245600394
  -0.0205672848
  -0.0157535017
  -0.0007260254
   0.0007496573
  -0.0149225641
  -0.0224372849
  -0.0254667623
  -0.0255002924
  -0.0226423473
  -0.0169648208
  -0.0104382751
  -0.0196226895
  -0.0229737244
  -0.0228346754
   0.0078020980
   0.0116731848
   0.0084601133
   0.0104627448
   0.0103778105
   0.0068997594
   0.0076275314
   0.0102644188
  -0.0046654659
   0.0140526902
   0.0065538673
   0.0043242541
   0.0032580998
   0.0001303551
  -0.0071638368
   0.0066053687
   0.0010948655
  -0.0057068999
   0.0137513641
   0.0228368390
   0.0136583318
   0.0042406275
  -0.0038543869
   0.0001188695
  -0.0065228972
  -0.0043775034
   0.0023170580
   0.0139308251
  -0.0104411068
  -0.0119899495
  -0.0005913186
   0.0068799114
  -0.0058404579
   0.0030324297
  -0.0186280434
  -0.0244133556
  -0.0215423429
  -0.0269936962
  -0.0294582241
  -0.0285623779
  -0.0163151973
  -0.0243433571
  -0.0292271607
  -0.0314275571
  -0.0313411691
  -0.0291500997
  -0.0249536664
  -0.0223855527
  -0.0288356890
  -0.0315061021
  -0.0313391563
  -0.0288267421
  -0.0239472396
  -0.0159970166
  -0.0216905385
  -0.0277443006
  -0.0291175688
  -0.0269128888
  -0.0214432988
  -0.0125444174
  -0.0212430209
  -0.0214159318
  -0.0099194871
  -0.0027647857
  -0.0177960597
  -0.0079196560
  -0.0019846746
   0.0023107939
   0.0061944972
  -0.0052744349
  -0.0009501423
   0.0028129773
   0.0066614406
  -0.0159668161
  -0.0117025340
  -0.0218922688
  -0.0185020957
  -0.0137478831
  -0.0098124413
  -0.0186058195
  -0.0122378415
  -0.0195991695
  -0.0007500320
   0.0037141737
   0.0080317993
  -0.0083220501
  -0.0007125016
   0.0039591578
   0.0064482266
   0.0030497614
  -0.0050320636
   0.0016694772
  -0.0021281092
   0.0089257823
   0.0061715773
   0.0128767691
   0.0127210576
   0.0115299669
   0.0167764848
   0.0161415452
   0.0130941562
   0.0209238014
   0.0217040768
   0.0204892206
   0.0291255627
  -0.0031184268
   0.0052788612
   0.0020460953
  -0.0067886428
   0.0032048024
   0.0086446378
   0.0019509378
   0.0076225898
   0.0102349541
   0.0240673198
   0.0146662210
   0.0023646964
   0.0098124331
   0.0041781838
   0.0024905875
   0.0067644313
   0.0097251948
   0.0116292929
   0.0089546823
   0.0110133448
   0.0087373139
   0.0105874248
   0.0079062545
   0.0088133484
   0.0058662473
   0.0070295914
   0.0057497563
   0.0064750072
   0.0078068628
   0.0077818404
   0.0067502123
   0.0031349649
   0.0042993975
   0.0094084802
   0.0082448997
   0.0067129866
   0.0044365827
   0.0101156366
   0.0083867047
   0.0082245406
   0.0104579494
   0.0071418344
   0.0104612904
   0.0132500722
   0.0113876966
   0.0139269574
   0.0174922402
   0.0158326276
   0.0199928969
   0.0187508829
   0.0116179073
   0.0088988133
   0.0059502174
   0.0114976898
   0.0096524787
   0.0079608080
   0.0054229380
   0.0101647904
   0.0092017367
   0.0082287336
   0.0068237704
   0.0074470201
   0.0075499494
   0.0072311764
   0.0040340406
   0.0046890799
   0.0051477794
   0.0046278009
   0.0086198409
   0.0125480440
   0.0055324302
   0.0085154347
   0.0111452358
   0.0138953154
   0.0066441361
   0.0088103628
   0.0107678726
   0.0125183432
   0.0141404284
   0.0069932258
   0.0084823967
   0.0094212508
   0.0089172253
   0.0029404524
   0.0049513016
   0.0038187577
   0.0033294793
   0.0055881167
   0.0053701285
   0.0071294129
   0.0065174122
   0.0062613214
   0.0059954201
   0.0065190384
   0.0059188200
   0.0053940258
   0.0066014061
   0.0068682167
   0.0058248127
   0.0043413145
   0.0029364479
   0.0056113586
   0.0034805921
   0.0102094996
   0.0124980725
   0.0033540872
   0.0102174481
   0.0150310495
   0.0178257957
   0.0173899548
   0.0125342136
   0.0007125374
   0.0151614414
   0.0175786142
   0.0175699330
   0.0147111480
   0.0085028511
  -0.0023305586
   0.0129331969
   0.0130821859
   0.0101438974
   0.0041196345
   0.0279509358
   0.0229098063
   0.0279249451
   0.0285735564
   0.0267248137
   0.0229381597
   0.0268844120
   0.0287055965
   0.0220541533
   0.0128868706
   0.0255872205
   0.0196273168
   0.0135302827
   0.0065508893
   0.0175027433
   0.0199201910
   0.0180311638
   0.0136114136
   0.0073088970
  -0.0017364547
   0.0133861616
   0.0140999976
   0.0095493934
   0.0024742343
   0.0010006726
   0.0078987154
   0.0088469634
