Run semi-empirical minimization
 &qmmm
    qm_theory='AM1', grms_tol=0.0005,
 scfconv=1.d-10, ndiis_attempts=700,   qmcharge=0,
 /
   6    C1        2.2330        2.0580        3.1010 
   7    N1        2.2010        1.5260        1.7630 
   6    C2        2.7960        0.3210        1.4560 
   8    O1        3.4470       -0.3350        2.2710 
   6    C3        2.5780       -0.1690        0.0090 
   6    C4        1.2560       -0.9370       -0.1480 
   6    C5        0.0270       -0.0400       -0.0040 
   6    C6       -1.2710       -0.7620       -0.3720 
   6    C7       -2.5200        0.0760       -0.0530 
   7    N2       -2.6020        1.2840       -0.8720 
   6    C8       -2.1070        2.4950       -0.4620 
   6    C9       -2.4160        3.6380       -1.3910 
   8    O2       -1.4560        2.6500        0.5670 
   6   C10       -3.8000       -0.7440       -0.3220 
   8    O3       -4.5620       -0.4790       -1.2520 
   7    N3       -4.0060       -1.7940        0.5480 
   6   C11       -5.2010       -2.5960        0.4680 
   7    N4        3.7090       -1.0380       -0.3090 
   6   C12        4.1230       -1.2650       -1.5950 
   6   C13        5.3230       -2.1640       -1.7140 
   8    O4        3.5690       -0.7830       -2.5770 
   1    H1        1.4710        1.5480        3.6970 
   1    H2        2.0120        3.1270        3.0560 
   1    H3        3.2160        1.8980        3.5520 
   1    H4        1.5490        1.9440        1.1080 
   1    H5        2.6100        0.6910       -0.6700 
   1    H6        1.2300       -1.4170       -1.1340 
   1    H7        1.2030       -1.7460        0.5920 
   1    H8        0.1530        0.8380       -0.6470 
   1    H9       -0.0510        0.3070        1.0320 
   1   H10       -1.3160       -1.7110        0.1750 
   1   H11       -1.2560       -1.0190       -1.4390 
   1   H12       -2.5250        0.3690        1.0040 
   1   H13       -3.2620        1.2440       -1.6450 
   1   H14       -3.0790        4.3430       -0.8810 
   1   H15       -1.4830        4.1380       -1.6630 
   1   H16       -2.9040        3.2970       -2.3080 
   1   H17       -3.4690       -1.8270        1.4050 
   1   H18       -5.4380       -2.8230       -0.5750 
   1   H19       -6.0280       -2.0380        0.9160 
   1   H20       -5.0360       -3.5230        1.0230 
   1   H21        4.2180       -1.4240        0.4810 
   1   H22        5.6630       -2.5210       -0.7380 
   1   H23        6.1390       -1.6100       -2.1860 
   1   H24        5.0610       -3.0300       -2.3280 

